1_1.xml:   
[5, 4, 4, 4, 5, 5, 5, 2, 3, 5, 4, 2, 3, 2, 2, 3, 4, 3, 1, 1, 3, 5, 1, 1, 2, 1, 1, 5, 1, 1, 2, 1, 2, 1, 1, 1, 2, 2, 4, 1, 1, 1, 1, 1, 1, 4, 2, 2, 1, 2, 2, 1, 2, 1, 3, 5, 5, 4, 1, 2, 2, 1, 1, 1, 1, 1, 2, 1, 5, 1, 3, 2, 1, 1]

1_2.xml:   
[4, 5, 5, 5, 4, 4, 4, 2, 4, 4, 3, 4, 2, 5, 3, 5, 2, 2, 1, 1, 4, 4, 1, 2, 2, 1, 2, 3, 1, 1, 1, 1, 2, 2, 1, 1, 2, 2, 3, 1, 1, 1, 1, 1, 3, 3, 2, 2, 2, 1, 2, 2, 3, 1, 3, 3, 5, 2, 1, 2, 1, 1, 1, 1, 1, 1, 1, 1, 3, 1, 4, 3, 1, 1]

2_1.xml:   
[4, 5, 5, 5, 3, 4, 3, 2, 3, 3, 4, 3, 3, 5, 3, 5, 2, 2, 1, 1, 3, 4, 1, 2, 1, 1, 1, 2, 1, 1, 2, 1, 2, 1, 1, 1, 1, 1, 3, 1, 1, 1, 1, 1, 2, 4, 3, 2, 2, 1, 2, 2, 4, 1, 3, 4, 5, 4, 1, 1, 1, 1, 2, 1, 1, 1, 1, 1, 3, 1, 4, 2, 1, 1]

3_1.xml:   
[4, 5, 5, 5, 3, 4, 3, 2, 3, 3, 4, 3, 3, 4, 3, 5, 2, 2, 1, 1, 3, 4, 1, 2, 1, 1, 1, 2, 1, 1, 2, 2, 2, 1, 1, 1, 1, 1, 3, 1, 1, 1, 1, 1, 2, 5, 3, 2, 2, 1, 2, 2, 4, 1, 3, 4, 5, 4, 1, 1, 1, 1, 1, 1, 1, 1, 1, 1, 3, 1, 4, 2, 1, 1]

3_2.xml:   
[5, 4, 3, 3, 5, 5, 5, 3, 5, 3, 4, 3, 5, 2, 3, 4, 4, 2, 2, 1, 5, 5, 1, 2, 2, 1, 2, 4, 1, 1, 2, 1, 2, 1, 1, 2, 3, 4, 4, 1, 1, 1, 1, 1, 1, 5, 3, 3, 2, 2, 3, 3, 4, 1, 3, 5, 5, 4, 1, 3, 3, 1, 1, 1, 1, 1, 3, 1, 4, 1, 3, 4, 1, 1]

3_3.xml:   
[5, 4, 4, 4, 5, 5, 4, 2, 3, 4, 4, 4, 4, 4, 3, 4, 4, 2, 1, 1, 4, 4, 1, 2, 2, 1, 2, 3, 1, 1, 2, 1, 2, 1, 1, 2, 1, 2, 2, 1, 1, 1, 1, 1, 2, 5, 2, 2, 1, 1, 2, 1, 3, 1, 2, 5, 5, 4, 1, 3, 2, 1, 1, 1, 2, 1, 4, 1, 3, 1, 4, 4, 1, 1]

4_1.xml:   
[5, 4, 3, 3, 5, 4, 5, 2, 5, 5, 4, 3, 4, 2, 3, 3, 4, 2, 1, 1, 5, 5, 1, 2, 3, 1, 2, 4, 1, 1, 1, 1, 2, 1, 1, 3, 3, 4, 3, 1, 1, 1, 1, 1, 2, 4, 2, 2, 1, 1, 2, 2, 3, 1, 3, 5, 5, 4, 1, 3, 3, 1, 1, 1, 1, 1, 2, 1, 2, 1, 2, 2, 1, 1]

5_1.xml:   
[2, 2, 2, 2, 3, 2, 2, 5, 2, 2, 2, 2, 2, 2, 2, 2, 1, 1, 1, 3, 2, 2, 4, 1, 1, 5, 1, 1, 1, 2, 1, 3, 3, 1, 1, 3, 1, 1, 3, 4, 2, 1, 1, 1, 3, 2, 5, 2, 2, 4, 5, 2, 2, 3, 2, 1, 2, 1, 1, 1, 1, 1, 1, 1, 2, 1, 1, 1, 1, 1, 3, 3, 1, 1]

5_2.xml:   
[3, 4, 3, 3, 5, 3, 5, 2, 5, 3, 2, 2, 3, 2, 1, 1, 2, 2, 1, 1, 3, 5, 1, 4, 3, 1, 3, 2, 1, 1, 1, 1, 1, 1, 1, 2, 4, 5, 1, 1, 1, 1, 1, 1, 1, 2, 1, 2, 2, 1, 1, 1, 1, 1, 2, 3, 2, 1, 1, 3, 2, 1, 1, 1, 1, 1, 1, 1, 2, 1, 3, 5, 2, 1]

5_3.xml:   
[5, 4, 3, 3, 3, 4, 5, 2, 3, 5, 3, 3, 3, 2, 2, 3, 3, 2, 1, 1, 5, 4, 1, 3, 3, 1, 2, 4, 1, 1, 1, 1, 2, 1, 1, 2, 2, 2, 3, 1, 1, 1, 1, 1, 1, 4, 2, 2, 1, 1, 2, 2, 3, 1, 2, 4, 4, 2, 1, 2, 2, 1, 1, 1, 1, 1, 1, 1, 2, 1, 3, 4, 1, 1]

6_1.xml:   
[4, 3, 4, 4, 4, 4, 4, 2, 2, 3, 5, 2, 1, 2, 2, 4, 1, 1, 1, 1, 4, 4, 1, 1, 1, 1, 1, 1, 1, 1, 1, 1, 2, 1, 1, 1, 1, 1, 2, 1, 1, 1, 1, 1, 1, 2, 2, 2, 1, 2, 2, 2, 3, 1, 2, 3, 4, 2, 1, 1, 1, 1, 1, 1, 1, 1, 1, 1, 2, 1, 5, 2, 1, 1]

7_1.xml:   
[2, 4, 3, 3, 3, 4, 3, 2, 2, 3, 2, 5, 2, 2, 2, 3, 1, 1, 1, 1, 3, 2, 2, 1, 1, 2, 1, 1, 2, 1, 1, 1, 2, 1, 1, 2, 1, 1, 2, 2, 1, 1, 1, 1, 2, 2, 3, 2, 1, 3, 4, 2, 3, 1, 2, 1, 3, 1, 1, 1, 1, 1, 1, 1, 1, 1, 1, 1, 1, 1, 2, 1, 1, 1]

8_1.xml:   
[3, 2, 3, 3, 5, 4, 4, 2, 3, 3, 1, 2, 5, 1, 1, 2, 4, 1, 2, 1, 3, 2, 2, 2, 2, 2, 2, 2, 1, 1, 2, 2, 1, 1, 1, 2, 2, 2, 2, 1, 1, 1, 1, 1, 2, 3, 1, 1, 1, 2, 2, 1, 2, 2, 1, 3, 2, 3, 1, 1, 2, 1, 1, 1, 1, 1, 1, 1, 3, 1, 1, 2, 1, 1]

9_1.xml:   
[2, 5, 5, 4, 2, 4, 2, 2, 2, 2, 2, 2, 1, 5, 1, 4, 1, 1, 1, 1, 2, 3, 1, 1, 1, 1, 1, 1, 1, 1, 1, 1, 2, 1, 1, 1, 1, 1, 2, 1, 1, 1, 1, 1, 2, 1, 3, 2, 1, 1, 2, 2, 3, 1, 1, 1, 4, 1, 1, 1, 1, 1, 2, 1, 1, 1, 1, 1, 1, 1, 3, 1, 1, 1]

9_2.xml:   
[2, 3, 3, 3, 3, 3, 3, 2, 1, 2, 2, 2, 1, 1, 5, 2, 1, 1, 1, 1, 2, 1, 1, 1, 1, 1, 1, 1, 1, 1, 1, 1, 1, 1, 1, 2, 1, 1, 1, 1, 1, 1, 1, 1, 1, 2, 1, 1, 1, 2, 1, 1, 2, 1, 3, 1, 3, 1, 1, 1, 1, 1, 2, 1, 1, 1, 1, 1, 1, 1, 3, 4, 1, 1]

10_1.xml:   
[3, 5, 5, 5, 4, 4, 3, 2, 1, 3, 4, 3, 2, 4, 2, 5, 2, 1, 1, 1, 4, 3, 1, 2, 1, 1, 1, 2, 1, 1, 1, 1, 2, 1, 1, 1, 1, 1, 3, 1, 1, 1, 1, 1, 2, 3, 2, 2, 1, 2, 2, 2, 3, 1, 2, 3, 5, 3, 1, 1, 1, 1, 2, 1, 1, 1, 1, 1, 1, 1, 3, 2, 1, 1]

12_1.xml:   
[4, 2, 2, 2, 4, 4, 4, 1, 2, 3, 1, 1, 4, 1, 1, 2, 5, 2, 2, 1, 3, 3, 1, 3, 3, 1, 3, 3, 1, 1, 2, 1, 1, 1, 1, 3, 2, 3, 1, 1, 1, 1, 1, 1, 1, 3, 1, 1, 1, 1, 1, 1, 1, 1, 1, 3, 2, 3, 1, 2, 1, 1, 1, 1, 1, 1, 1, 1, 3, 4, 2, 1, 1, 1]

12_2.xml:   
[3, 2, 2, 2, 2, 2, 2, 1, 2, 2, 1, 1, 1, 1, 1, 1, 2, 5, 1, 3, 1, 2, 1, 5, 4, 1, 3, 2, 2, 1, 1, 1, 1, 1, 1, 2, 3, 4, 1, 1, 1, 2, 1, 1, 1, 3, 1, 1, 1, 1, 1, 1, 1, 1, 1, 3, 2, 3, 1, 1, 1, 1, 1, 1, 1, 1, 1, 2, 1, 1, 1, 1, 1, 1]

13_1.xml:   
[1, 1, 1, 1, 2, 1, 1, 1, 1, 1, 1, 1, 2, 1, 1, 1, 2, 1, 5, 1, 1, 1, 1, 2, 2, 1, 3, 2, 2, 1, 4, 1, 1, 1, 1, 1, 2, 2, 1, 1, 1, 1, 1, 1, 1, 1, 1, 1, 1, 1, 1, 1, 1, 1, 1, 2, 1, 2, 1, 1, 1, 1, 1, 1, 1, 1, 1, 2, 3, 2, 1, 1, 2, 1]

15_1.xml:   
[1, 1, 1, 1, 1, 1, 1, 3, 1, 1, 1, 1, 1, 1, 1, 1, 1, 3, 1, 5, 1, 1, 2, 1, 2, 2, 1, 1, 3, 2, 1, 1, 1, 1, 1, 2, 2, 2, 2, 1, 1, 4, 1, 1, 1, 1, 2, 1, 1, 2, 2, 1, 1, 1, 1, 1, 1, 1, 1, 1, 1, 2, 1, 1, 3, 1, 1, 1, 1, 1, 1, 1, 5, 2]

17_1.xml:   
[3, 4, 3, 3, 5, 4, 5, 2, 3, 5, 4, 3, 3, 2, 2, 4, 3, 1, 1, 1, 5, 4, 1, 2, 2, 1, 2, 3, 1, 1, 1, 1, 2, 1, 1, 3, 2, 2, 3, 1, 1, 1, 1, 1, 1, 4, 2, 2, 1, 2, 2, 1, 2, 1, 2, 4, 1, 2, 2, 1, 1, 1, 2, 1, 1, 1, 1, 1, 1, 2, 3, 3, 1, 1]

18_1.xml:   
[5, 4, 4, 4, 5, 4, 5, 2, 5, 4, 4, 2, 2, 3, 1, 3, 3, 2, 1, 1, 4, 5, 1, 3, 2, 1, 2, 2, 1, 1, 1, 1, 2, 1, 1, 2, 2, 2, 3, 1, 1, 1, 1, 1, 1, 3, 3, 2, 1, 1, 2, 1, 2, 1, 3, 5, 5, 2, 2, 2, 1, 1, 2, 1, 1, 1, 1, 1, 2, 1, 2, 5, 1, 1]

18_2.xml:   
[1, 1, 1, 1, 1, 1, 1, 4, 1, 1, 1, 2, 2, 1, 1, 1, 1, 1, 1, 2, 1, 1, 5, 1, 1, 5, 1, 1, 2, 2, 1, 2, 1, 1, 1, 3, 1, 1, 1, 2, 2, 1, 1, 1, 4, 1, 2, 1, 2, 3, 4, 1, 1, 2, 1, 1, 1, 1, 1, 1, 1, 1, 2, 1, 1, 1, 1, 1, 1, 1, 1, 2, 1, 1]

19_1.xml:   
[1, 2, 2, 2, 2, 2, 2, 1, 4, 3, 1, 1, 2, 1, 1, 2, 3, 5, 2, 1, 2, 3, 1, 5, 3, 1, 3, 2, 2, 1, 1, 1, 1, 1, 1, 2, 3, 4, 1, 1, 1, 2, 1, 1, 1, 4, 1, 1, 1, 1, 1, 1, 1, 1, 1, 4, 1, 4, 1, 2, 1, 1, 1, 1, 1, 1, 1, 3, 2, 1, 2, 1, 2, 1]

19_2.xml:   
[2, 2, 1, 1, 2, 2, 3, 1, 3, 3, 1, 1, 2, 1, 1, 1, 3, 4, 2, 2, 2, 2, 1, 3, 5, 1, 3, 3, 3, 1, 1, 1, 1, 1, 1, 2, 3, 3, 1, 1, 1, 2, 1, 1, 1, 2, 1, 1, 1, 1, 1, 1, 1, 1, 1, 2, 1, 2, 1, 2, 1, 1, 1, 1, 1, 1, 1, 1, 2, 1, 1, 1, 2, 1]

20_1.xml:   
[1, 1, 1, 1, 1, 1, 1, 5, 1, 1, 1, 2, 2, 1, 1, 1, 1, 1, 1, 2, 1, 1, 5, 1, 1, 5, 1, 1, 2, 2, 1, 2, 2, 1, 1, 3, 1, 1, 1, 3, 2, 1, 1, 1, 3, 1, 3, 1, 2, 3, 3, 1, 1, 5, 1, 1, 1, 1, 1, 1, 1, 1, 1, 1, 2, 1, 1, 1, 1, 1, 1, 5, 1, 1]

21_1.xml:   
[1, 2, 1, 1, 2, 2, 2, 1, 3, 2, 1, 1, 2, 1, 1, 1, 3, 3, 3, 1, 2, 2, 1, 3, 3, 1, 5, 2, 2, 1, 1, 1, 1, 1, 1, 2, 4, 2, 1, 1, 1, 2, 1, 1, 1, 2, 1, 1, 1, 1, 1, 1, 1, 1, 1, 2, 1, 2, 1, 1, 1, 1, 1, 1, 1, 1, 1, 2, 1, 1, 1, 1, 2, 1]

22_1.xml:   
[5, 3, 2, 2, 4, 3, 4, 1, 2, 4, 1, 1, 2, 1, 1, 2, 3, 2, 2, 1, 3, 2, 1, 2, 3, 1, 2, 5, 1, 1, 1, 1, 1, 1, 1, 2, 2, 2, 1, 1, 1, 1, 1, 1, 2, 4, 1, 1, 1, 1, 1, 1, 1, 1, 1, 4, 1, 4, 1, 3, 1, 1, 1, 1, 1, 1, 1, 1, 1, 1, 1, 4, 1, 1]

23_1.xml:   
[1, 1, 1, 1, 1, 1, 1, 1, 1, 1, 1, 2, 1, 1, 1, 1, 1, 2, 2, 3, 1, 1, 2, 2, 3, 2, 2, 1, 5, 2, 1, 1, 1, 1, 1, 2, 3, 2, 2, 2, 1, 3, 1, 1, 2, 1, 1, 1, 1, 1, 1, 1, 1, 1, 1, 1, 1, 1, 1, 1, 1, 1, 1, 1, 1, 1, 1, 3, 1, 1, 1, 1, 3, 1]

24_1.xml:   
[1, 1, 1, 1, 1, 1, 1, 2, 1, 1, 1, 1, 1, 1, 1, 1, 1, 1, 1, 2, 1, 1, 2, 1, 1, 2, 1, 1, 2, 5, 1, 1, 1, 1, 2, 2, 2, 2, 1, 2, 1, 2, 1, 2, 2, 1, 2, 1, 1, 2, 2, 1, 1, 3, 1, 1, 1, 2, 1, 1, 1, 1, 1, 2, 3, 1, 1, 1, 1, 1, 1, 4, 1, 1]

26_1.xml:   
[2, 1, 2, 2, 2, 2, 1, 1, 1, 1, 1, 1, 2, 1, 1, 1, 2, 1, 4, 1, 1, 1, 1, 1, 1, 1, 1, 1, 1, 1, 5, 1, 1, 1, 1, 1, 1, 1, 1, 1, 1, 1, 1, 1, 1, 1, 1, 1, 1, 1, 1, 1, 1, 1, 1, 4, 1, 1, 1, 1, 1, 1, 1, 1, 1, 1, 1, 1, 2, 2, 1, 1, 1, 1]

27_1.xml:   
[1, 1, 1, 2, 1, 1, 1, 3, 1, 1, 1, 1, 2, 1, 1, 1, 1, 1, 1, 1, 1, 1, 2, 1, 1, 2, 1, 1, 1, 1, 1, 5, 2, 1, 1, 1, 1, 1, 1, 1, 1, 1, 1, 1, 1, 1, 1, 1, 1, 1, 1, 1, 1, 1, 1, 1, 1, 1, 1, 1, 1, 1, 1, 1, 1, 1, 1, 1, 1, 1, 1, 1, 1, 1]

28_1.xml:   
[2, 2, 2, 2, 2, 2, 2, 3, 1, 2, 2, 2, 1, 2, 1, 2, 1, 1, 1, 1, 2, 2, 1, 1, 1, 2, 1, 1, 1, 1, 1, 2, 5, 1, 1, 1, 1, 1, 1, 1, 1, 1, 1, 1, 1, 1, 2, 2, 1, 2, 1, 2, 1, 1, 3, 1, 2, 1, 1, 1, 1, 1, 1, 1, 2, 1, 1, 1, 1, 1, 1, 1, 1, 1]

29_1.xml:   
[1, 2, 1, 1, 1, 1, 1, 1, 1, 1, 1, 1, 1, 1, 1, 1, 1, 1, 1, 1, 1, 1, 1, 1, 1, 1, 1, 1, 1, 1, 1, 1, 1, 5, 1, 2, 1, 1, 2, 1, 1, 1, 2, 2, 1, 1, 2, 2, 1, 2, 2, 2, 1, 1, 2, 1, 1, 1, 4, 1, 1, 1, 4, 1, 1, 2, 1, 1, 1, 1, 2, 3, 1, 1]

30_1.xml:   
[1, 1, 1, 1, 1, 1, 1, 1, 1, 1, 1, 1, 1, 1, 1, 1, 1, 1, 1, 1, 1, 1, 1, 1, 1, 1, 1, 1, 1, 2, 1, 1, 1, 1, 5, 1, 1, 1, 1, 2, 1, 1, 4, 2, 1, 1, 1, 1, 1, 1, 1, 1, 1, 1, 1, 1, 1, 1, 1, 1, 1, 2, 2, 3, 2, 2, 2, 1, 1, 1, 1, 1, 1, 1]

31_1.xml:   
[1, 1, 1, 1, 2, 2, 3, 3, 2, 2, 1, 2, 2, 1, 2, 1, 3, 2, 1, 2, 3, 2, 3, 2, 2, 3, 2, 2, 2, 2, 1, 1, 1, 2, 1, 5, 2, 2, 1, 2, 1, 1, 1, 2, 2, 1, 2, 1, 1, 2, 2, 1, 1, 5, 1, 1, 1, 1, 2, 1, 2, 1, 1, 1, 2, 1, 2, 1, 1, 1, 1, 1, 1, 1]

32_1.xml:   
[2, 2, 1, 1, 3, 1, 3, 1, 4, 2, 1, 1, 2, 1, 1, 1, 2, 3, 2, 2, 2, 2, 1, 3, 3, 1, 4, 2, 3, 2, 1, 1, 1, 1, 1, 2, 5, 4, 1, 1, 2, 3, 1, 1, 1, 1, 1, 1, 1, 1, 1, 1, 1, 1, 1, 2, 1, 2, 1, 2, 1, 1, 1, 1, 1, 1, 1, 3, 2, 1, 1, 1, 2, 1]

33_1.xml:   
[2, 2, 1, 1, 4, 2, 4, 1, 5, 2, 1, 1, 2, 1, 1, 1, 3, 4, 2, 2, 2, 2, 1, 4, 3, 1, 2, 2, 2, 2, 1, 1, 1, 1, 1, 2, 4, 5, 1, 1, 1, 1, 1, 1, 3, 1, 1, 1, 2, 1, 3, 4, 1, 1, 1, 2, 1, 1, 1, 3, 1, 1, 1, 1, 1, 1, 1, 2, 2, 2, 1, 1, 1, 1]

34_1.xml:   
[4, 3, 3, 3, 4, 2, 3, 3, 1, 3, 2, 2, 2, 2, 1, 3, 1, 1, 1, 2, 3, 3, 1, 1, 1, 1, 1, 1, 2, 1, 1, 1, 1, 2, 1, 1, 1, 1, 5, 1, 1, 1, 1, 1, 1, 2, 2, 1, 1, 2, 1, 4, 2, 1, 2, 3, 3, 3, 1, 1, 1, 1, 3, 1, 1, 1, 1, 1, 1, 1, 1, 5, 1, 1]

34_2.xml:   
[1, 1, 1, 1, 1, 1, 1, 4, 1, 1, 1, 2, 1, 1, 1, 1, 1, 1, 1, 1, 1, 1, 2, 1, 1, 3, 1, 1, 2, 2, 1, 1, 1, 1, 2, 2, 1, 1, 1, 5, 1, 1, 2, 3, 3, 1, 3, 1, 3, 2, 5, 1, 2, 5, 1, 1, 1, 1, 1, 1, 1, 1, 5, 1, 2, 1, 1, 1, 1, 1, 1, 2, 1, 1]

35_1.xml:   
[1, 1, 1, 1, 1, 1, 1, 2, 1, 1, 1, 1, 1, 1, 1, 1, 1, 1, 1, 1, 1, 1, 2, 1, 1, 2, 1, 1, 1, 1, 1, 1, 1, 1, 1, 1, 2, 1, 1, 1, 5, 1, 1, 1, 1, 1, 1, 1, 1, 1, 1, 1, 1, 1, 1, 1, 1, 1, 1, 1, 1, 1, 1, 1, 1, 1, 1, 1, 1, 1, 1, 1, 1, 1]

36_1.xml:   
[1, 1, 1, 1, 1, 1, 1, 1, 1, 1, 1, 1, 1, 1, 1, 1, 1, 2, 1, 4, 1, 1, 1, 2, 2, 1, 2, 1, 3, 2, 1, 1, 1, 1, 1, 1, 3, 1, 1, 1, 1, 5, 1, 2, 1, 1, 1, 1, 1, 1, 1, 1, 1, 1, 1, 1, 1, 1, 1, 1, 1, 1, 1, 1, 1, 1, 1, 3, 1, 1, 1, 1, 5, 1]

36_2.xml:   
[1, 1, 1, 1, 1, 1, 1, 1, 1, 1, 1, 1, 1, 1, 1, 1, 1, 1, 1, 1, 1, 1, 1, 1, 1, 1, 1, 1, 1, 1, 1, 1, 1, 2, 4, 1, 1, 1, 1, 2, 1, 1, 5, 3, 1, 1, 1, 1, 1, 1, 1, 1, 1, 1, 1, 1, 1, 1, 1, 1, 1, 1, 3, 2, 1, 1, 1, 1, 1, 1, 1, 1, 1, 1]

37_1.xml:   
[1, 1, 1, 1, 1, 1, 1, 1, 1, 1, 1, 1, 1, 1, 1, 1, 1, 1, 1, 1, 1, 1, 1, 1, 1, 1, 1, 1, 1, 2, 1, 1, 1, 2, 2, 2, 1, 1, 1, 3, 1, 2, 3, 5, 1, 1, 1, 1, 1, 1, 1, 1, 1, 1, 1, 1, 1, 1, 1, 1, 1, 1, 2, 2, 1, 3, 1, 1, 1, 1, 1, 2, 1, 1]

37_2.xml:   
[1, 3, 2, 2, 1, 2, 2, 3, 1, 1, 1, 2, 2, 2, 1, 2, 1, 1, 1, 1, 1, 1, 4, 1, 1, 3, 1, 2, 2, 2, 1, 1, 1, 1, 1, 2, 1, 3, 1, 3, 1, 1, 1, 1, 5, 1, 2, 1, 1, 2, 3, 1, 2, 5, 1, 1, 1, 1, 1, 1, 1, 1, 1, 1, 2, 1, 1, 1, 1, 2, 1, 2, 1, 1]

37_3.xml:   
[4, 3, 4, 5, 5, 5, 4, 2, 2, 4, 2, 2, 3, 1, 2, 3, 3, 3, 1, 1, 4, 3, 1, 4, 2, 1, 2, 4, 1, 1, 1, 1, 1, 1, 1, 1, 1, 1, 2, 1, 1, 1, 1, 1, 1, 5, 1, 4, 1, 1, 1, 1, 1, 1, 2, 5, 2, 5, 1, 3, 1, 1, 2, 1, 1, 1, 1, 1, 1, 1, 3, 2, 1, 1]

38_1.xml:   
[2, 2, 3, 3, 3, 2, 2, 5, 1, 2, 2, 3, 1, 3, 1, 2, 1, 1, 1, 2, 2, 3, 2, 1, 1, 3, 1, 1, 1, 2, 1, 1, 2, 2, 1, 2, 1, 1, 2, 3, 1, 1, 1, 1, 2, 1, 5, 2, 1, 3, 5, 2, 1, 5, 2, 1, 3, 1, 1, 1, 1, 1, 2, 1, 2, 1, 1, 1, 1, 1, 1, 1, 1, 1]

38_2.xml:   
[2, 2, 2, 2, 3, 2, 2, 2, 2, 2, 2, 2, 1, 2, 1, 2, 1, 1, 1, 1, 2, 2, 1, 1, 1, 1, 1, 1, 1, 1, 1, 1, 2, 2, 1, 1, 1, 1, 1, 1, 1, 1, 1, 1, 1, 4, 2, 5, 5, 2, 2, 2, 2, 1, 3, 1, 2, 1, 1, 1, 1, 1, 2, 1, 1, 1, 1, 1, 1, 1, 1, 1, 1, 1]

38_3.xml:   
[1, 2, 2, 2, 2, 1, 1, 2, 2, 1, 1, 1, 1, 1, 1, 1, 1, 1, 1, 1, 1, 1, 2, 1, 1, 2, 1, 1, 1, 1, 1, 1, 1, 1, 1, 1, 1, 2, 1, 3, 1, 1, 1, 1, 1, 1, 1, 5, 5, 1, 3, 3, 1, 1, 3, 1, 1, 1, 1, 1, 1, 1, 2, 1, 1, 1, 1, 1, 1, 1, 1, 2, 1, 1]

38_4.xml:   
[2, 1, 1, 1, 2, 1, 1, 4, 1, 1, 2, 3, 2, 1, 2, 2, 1, 1, 1, 2, 2, 1, 3, 1, 1, 3, 1, 1, 1, 2, 1, 1, 2, 2, 1, 2, 1, 1, 2, 2, 1, 1, 1, 1, 2, 1, 3, 2, 1, 5, 3, 2, 1, 5, 2, 1, 1, 1, 1, 1, 1, 1, 2, 1, 2, 1, 1, 1, 1, 1, 1, 1, 1, 1]

39_1.xml:   
[2, 2, 2, 2, 3, 2, 2, 5, 1, 2, 2, 4, 2, 2, 1, 2, 1, 1, 1, 2, 2, 2, 4, 1, 1, 3, 1, 1, 1, 2, 1, 1, 1, 2, 1, 2, 1, 3, 1, 5, 1, 1, 1, 1, 3, 1, 5, 2, 3, 3, 5, 3, 2, 5, 2, 1, 1, 1, 1, 1, 1, 1, 2, 1, 2, 1, 1, 1, 1, 1, 2, 2, 1, 1]

39_2.xml:   
[1, 2, 2, 2, 3, 1, 2, 2, 1, 2, 2, 2, 1, 2, 1, 2, 1, 1, 1, 1, 1, 1, 1, 1, 1, 1, 1, 1, 1, 1, 1, 1, 2, 2, 1, 1, 1, 4, 4, 1, 1, 1, 1, 1, 1, 1, 2, 2, 3, 2, 3, 5, 1, 1, 2, 1, 1, 1, 1, 2, 1, 1, 3, 1, 1, 1, 1, 1, 1, 1, 2, 3, 1, 1]

39_3.xml:   
[2, 3, 4, 4, 4, 3, 3, 2, 1, 3, 3, 3, 2, 3, 2, 3, 1, 1, 1, 1, 2, 2, 1, 1, 1, 1, 1, 1, 1, 1, 1, 1, 1, 1, 1, 1, 1, 1, 2, 2, 1, 1, 1, 1, 2, 1, 1, 2, 1, 1, 2, 1, 5, 1, 4, 2, 4, 1, 1, 1, 1, 1, 1, 1, 1, 1, 1, 1, 1, 2, 2, 1, 1, 1]

40_1.xml:   
[1, 1, 1, 1, 1, 1, 1, 3, 1, 1, 1, 1, 2, 1, 1, 1, 1, 1, 1, 1, 1, 1, 2, 1, 1, 5, 1, 1, 1, 3, 1, 1, 1, 1, 1, 5, 1, 1, 1, 5, 1, 1, 1, 1, 5, 1, 5, 1, 1, 5, 5, 1, 1, 5, 1, 1, 1, 1, 1, 1, 1, 1, 1, 1, 1, 1, 1, 1, 1, 1, 1, 3, 1, 1]

40_2.xml:   
[3, 3, 3, 3, 3, 2, 3, 2, 2, 2, 2, 2, 1, 1, 3, 2, 1, 1, 1, 1, 2, 3, 1, 1, 1, 1, 1, 1, 1, 1, 1, 1, 3, 2, 1, 1, 1, 1, 2, 1, 1, 1, 1, 1, 1, 2, 2, 3, 3, 2, 2, 2, 4, 1, 5, 2, 3, 1, 1, 1, 1, 1, 1, 1, 1, 1, 1, 1, 1, 1, 1, 1, 1, 1]

40_3.xml:   
[5, 3, 4, 4, 5, 5, 5, 1, 3, 4, 3, 1, 3, 1, 1, 3, 3, 3, 2, 1, 4, 5, 1, 4, 2, 1, 2, 4, 1, 1, 4, 1, 1, 1, 1, 1, 2, 2, 3, 1, 1, 1, 1, 1, 1, 5, 1, 1, 1, 1, 1, 1, 2, 1, 2, 5, 1, 5, 1, 3, 1, 1, 1, 1, 1, 1, 1, 1, 2, 2, 4, 5, 1, 1]

41_1.xml:   
[5, 5, 5, 5, 5, 5, 5, 2, 2, 4, 4, 3, 2, 4, 3, 5, 2, 2, 1, 1, 1, 5, 1, 1, 1, 1, 1, 1, 1, 1, 1, 1, 2, 1, 1, 1, 1, 1, 3, 1, 1, 1, 1, 1, 1, 2, 3, 2, 1, 1, 1, 1, 4, 1, 3, 1, 5, 3, 1, 2, 1, 1, 1, 1, 1, 1, 1, 1, 2, 1, 3, 3, 1, 1]

42_1.xml:   
[4, 2, 4, 4, 4, 4, 4, 1, 1, 2, 2, 1, 3, 1, 1, 3, 3, 3, 2, 1, 2, 2, 1, 4, 2, 1, 2, 4, 1, 2, 1, 1, 1, 1, 1, 1, 2, 1, 3, 1, 1, 1, 1, 1, 1, 5, 1, 1, 1, 1, 1, 1, 1, 1, 1, 5, 3, 5, 1, 1, 1, 1, 1, 1, 1, 1, 1, 1, 1, 1, 3, 1, 1, 1]

42_2.xml:   
[1, 1, 1, 1, 1, 1, 1, 1, 1, 1, 1, 1, 1, 1, 1, 1, 1, 1, 1, 1, 2, 2, 1, 1, 1, 1, 1, 1, 1, 1, 1, 1, 1, 4, 1, 2, 1, 1, 1, 1, 1, 1, 1, 1, 1, 1, 1, 1, 1, 1, 1, 1, 1, 1, 1, 1, 1, 1, 5, 3, 1, 1, 1, 1, 1, 1, 1, 1, 1, 1, 1, 1, 1, 1]

42_3.xml:   
[2, 2, 1, 1, 3, 3, 3, 1, 3, 2, 1, 1, 1, 1, 1, 1, 2, 1, 1, 1, 1, 2, 1, 2, 2, 1, 1, 3, 1, 1, 1, 1, 1, 1, 1, 1, 2, 3, 1, 1, 1, 1, 1, 1, 1, 3, 1, 1, 1, 1, 1, 2, 1, 1, 1, 3, 2, 1, 3, 5, 1, 1, 1, 1, 1, 1, 1, 1, 1, 1, 1, 1, 1, 1]

42_4.xml:   
[2, 1, 1, 1, 3, 2, 3, 1, 2, 2, 1, 1, 2, 1, 1, 1, 1, 1, 1, 1, 1, 1, 1, 1, 1, 1, 1, 1, 1, 1, 1, 1, 1, 1, 1, 2, 1, 1, 1, 1, 1, 1, 1, 1, 1, 1, 1, 1, 1, 1, 1, 1, 1, 1, 1, 1, 1, 1, 1, 1, 5, 1, 1, 1, 1, 1, 5, 1, 1, 1, 1, 1, 1, 1]

43_1.xml:   
[1, 1, 1, 1, 1, 1, 1, 1, 1, 1, 1, 1, 1, 1, 1, 1, 1, 1, 1, 2, 1, 1, 1, 1, 1, 1, 1, 1, 1, 1, 1, 1, 1, 1, 2, 1, 1, 1, 1, 1, 1, 1, 1, 1, 1, 1, 1, 1, 1, 1, 1, 1, 1, 1, 1, 1, 1, 1, 1, 1, 1, 5, 1, 1, 3, 1, 2, 1, 1, 1, 1, 1, 1, 3]

44_1.xml:   
[1, 1, 2, 1, 1, 1, 1, 1, 1, 1, 1, 1, 1, 2, 2, 2, 1, 1, 1, 1, 2, 2, 2, 1, 1, 1, 1, 1, 1, 1, 1, 1, 1, 4, 2, 1, 1, 1, 3, 5, 1, 1, 3, 2, 1, 2, 2, 2, 2, 2, 2, 3, 1, 1, 1, 1, 1, 1, 1, 1, 1, 1, 5, 1, 1, 3, 1, 2, 1, 1, 1, 1, 1, 1]

45_1.xml:   
[1, 1, 1, 1, 1, 1, 1, 1, 1, 1, 1, 1, 1, 1, 1, 1, 1, 1, 1, 1, 1, 1, 1, 1, 1, 1, 1, 1, 1, 2, 1, 1, 1, 1, 3, 1, 1, 1, 1, 1, 1, 1, 2, 2, 1, 1, 1, 1, 1, 1, 1, 1, 1, 1, 1, 1, 1, 1, 1, 1, 1, 1, 1, 5, 4, 2, 2, 1, 1, 1, 1, 1, 1, 1]

45_2.xml:   
[1, 1, 1, 1, 1, 2, 1, 2, 1, 1, 1, 1, 1, 1, 1, 1, 1, 1, 1, 3, 1, 1, 1, 1, 1, 2, 1, 1, 1, 3, 1, 1, 2, 1, 2, 2, 1, 1, 1, 2, 1, 1, 1, 1, 2, 1, 2, 1, 1, 2, 2, 1, 1, 1, 1, 1, 1, 1, 1, 1, 1, 3, 1, 4, 5, 1, 1, 1, 1, 1, 1, 1, 1, 1]

47_1.xml:   
[1, 1, 1, 1, 1, 1, 1, 1, 1, 1, 1, 1, 1, 1, 1, 1, 1, 1, 1, 1, 1, 1, 1, 1, 1, 1, 1, 1, 1, 1, 1, 1, 1, 2, 2, 1, 1, 1, 1, 1, 1, 1, 1, 3, 1, 1, 1, 1, 1, 1, 1, 1, 1, 1, 1, 1, 1, 1, 1, 1, 1, 1, 3, 2, 1, 5, 1, 1, 1, 1, 1, 1, 1, 1]

48_1.xml:   
[2, 1, 1, 1, 3, 4, 2, 1, 1, 1, 1, 1, 1, 1, 1, 1, 1, 1, 1, 1, 1, 1, 1, 1, 1, 1, 1, 1, 1, 1, 1, 1, 1, 1, 2, 2, 1, 1, 1, 1, 1, 1, 1, 1, 1, 1, 1, 1, 1, 1, 1, 1, 1, 1, 1, 1, 1, 1, 1, 1, 5, 2, 1, 2, 1, 1, 5, 1, 1, 1, 1, 1, 1, 1]

49_1.xml:   
[1, 1, 1, 1, 1, 1, 1, 1, 1, 1, 1, 1, 1, 1, 1, 1, 1, 2, 2, 1, 1, 1, 1, 3, 1, 1, 2, 1, 3, 1, 1, 1, 1, 1, 1, 1, 3, 2, 1, 1, 1, 3, 1, 1, 1, 1, 1, 1, 1, 1, 1, 1, 1, 1, 1, 1, 1, 1, 1, 1, 1, 1, 2, 1, 1, 1, 1, 5, 1, 1, 1, 1, 2, 1]

50_1.xml:   
[5, 3, 3, 3, 4, 3, 2, 1, 2, 2, 2, 1, 3, 1, 1, 1, 3, 1, 3, 1, 1, 2, 1, 2, 2, 1, 1, 1, 1, 1, 2, 1, 1, 1, 1, 1, 2, 2, 1, 1, 1, 1, 1, 1, 1, 1, 1, 1, 1, 1, 1, 1, 1, 1, 1, 2, 2, 1, 1, 1, 1, 1, 1, 1, 1, 1, 1, 1, 5, 1, 1, 1, 1, 1]

51_1.xml:   
[1, 1, 1, 1, 1, 1, 1, 1, 1, 1, 1, 1, 1, 1, 1, 1, 4, 1, 2, 1, 2, 1, 1, 1, 1, 1, 1, 1, 1, 1, 2, 1, 1, 1, 1, 1, 1, 2, 1, 1, 1, 1, 1, 1, 2, 1, 1, 1, 1, 1, 1, 1, 2, 1, 1, 2, 1, 1, 1, 1, 1, 1, 1, 1, 1, 1, 1, 1, 1, 5, 1, 1, 1, 1]

52_1.xml:   
[3, 4, 4, 4, 3, 4, 2, 3, 3, 3, 5, 2, 1, 3, 3, 3, 2, 1, 1, 1, 3, 2, 1, 2, 1, 1, 1, 1, 1, 1, 1, 1, 1, 2, 1, 1, 1, 1, 1, 1, 1, 1, 1, 1, 1, 3, 1, 1, 1, 1, 2, 2, 2, 1, 1, 4, 3, 3, 1, 1, 1, 1, 1, 1, 1, 1, 1, 1, 1, 1, 5, 3, 1, 1]

52_2.xml:   
[2, 3, 2, 2, 4, 4, 2, 3, 5, 4, 2, 1, 2, 1, 4, 2, 1, 1, 1, 1, 3, 5, 2, 1, 1, 5, 1, 4, 1, 4, 1, 1, 1, 3, 1, 1, 1, 1, 5, 2, 1, 1, 1, 2, 2, 2, 1, 1, 2, 1, 2, 3, 1, 3, 1, 5, 3, 1, 1, 1, 1, 1, 1, 1, 1, 1, 1, 1, 1, 1, 3, 5, 1, 1]

53_1.xml:   
[1, 1, 1, 1, 1, 1, 1, 1, 2, 1, 1, 1, 1, 1, 1, 1, 1, 1, 2, 5, 1, 1, 1, 2, 2, 1, 2, 1, 3, 1, 1, 1, 1, 1, 1, 1, 2, 1, 1, 1, 1, 5, 1, 1, 1, 1, 1, 1, 1, 1, 1, 1, 1, 1, 1, 1, 1, 1, 1, 1, 1, 1, 1, 1, 1, 1, 1, 2, 1, 1, 1, 1, 5, 1]

55_1.xml:   
[1, 1, 1, 1, 1, 1, 1, 1, 1, 1, 1, 1, 1, 1, 1, 1, 1, 1, 1, 2, 1, 1, 1, 1, 1, 1, 1, 1, 1, 1, 1, 1, 1, 1, 1, 1, 1, 1, 1, 1, 1, 1, 1, 1, 1, 1, 1, 1, 1, 1, 1, 1, 1, 1, 1, 1, 1, 1, 1, 1, 1, 3, 1, 1, 1, 1, 1, 1, 1, 1, 1, 1, 1, 5]

