1 0,5,6,7,8,9,10,11,12,13,14,15,16 1,2,3,4,17,18,19,20,21,22,23,24,25,26,27,28,29
3 1,3,4,5,6,7,8,9,11,12,13,14,15,16 0 2,10,17 18,19,20,21,22,23,24,25,26,27,28,29,30,31,32,33
5 0,14,15,16,17 1,2,3,4,5,6,7,8,9,10,11,12,13,18,19 20,21
7 0,1,2
9 0,1,4 2,5,6 3
11 0
13 0,1,2
15 0,1,2,3
17 0,1,2,3
19 0,1,2,3,4,5 6,7,8
21 0,1,2,3
23 0,1,2
25 0
27 0,1,2
29 0,1
31 0,1,2,4,5 3
33 0,1,2,3,4,5,6,7,8,9,10,11,12,13,14,15,16,17,18,19,20
35 0,1,2,3,4,5,6,7,8,9
37 1,3 5,6,7,8,11,12,13,14 0,2,4
39 1,2,3,4,5,6,7,8,9,13,14 0,12 10,11,15
41 0,1,2,3,4,5,6,7,8,9,10,11,12,13,14,15,16,17,18,19,20,21,22,23,24,25,26,27,28,29
43 0,1,2
45 0,1,2,3,4,5,6,7,8 9,10,11,12,13
47 0,1,2,3,4,5
49 0,1,2,3,4
51 0,1,2
53 0,1,2,3,4,5,6,7
55 0,1,2,3,4,5
2 0,1,2,3,4,5,6,7,8,9,10,11,12 
4 0,1,2,3,4 
6 0,1,2,3,4,5,6,7,8 
8 0,1,2,3,4,5,6,7 
10 0,1,2,3,4,5,6,7
12 0,1,2 3,4,5
18 1,2,3,4,5,6,7,8,10,11,12 0,9
20 0,1,2
22 0,1
24 0,1,2,3,4
26 0,1
28 0,1
30 0,1,3,4,5
32 0,1,2,3,4,5,6,7,8,9,10,11,12,13,14,15,16,17,18,19,20
34 0,3,4 1,5,6,8
36 0,2,4,5,6 1,7
38 0,1,2,5,6 3,9 4,10 7,8
40 1,10 3,5 0,6,7,8,9,11
42 0,1,2,3 4,13 5,14 6,7,8,9,10
44 0,1,2,3,4,5,6,7,8,9,10,11,12
48 0,1
50 0,1,2,3,4,5,6,7
52 0,1,2,3,4,5,6 7,8,9,10,11